Time                CORE-spark-VM       YK-spark-VM         CT-spark-VM         WT-spark-VM         CORE-kafka-VM       YK-kafka-VM         CT-kafka-VM         WT-kafka-VM         CORE-cassandra-VM   CORE-spark-cont     YK-spark-cont       CT-spark-cont       WT-spark-cont       CORE-kafka-cont     YK-kafka-cont       CT-kafka-cont       WT-kafka-cont       CORE-cassandra-cont 
--------------------------------------------------------------------------------------------------------------------------------------------------------------------------------------------------------------------------------------------------------------------------------------------------------------------------------------------------------------------------------------------
1485548108               1                   1                   1                   1                   1                   1                   1                   1                   1                   1                   1                   1                   1                   1                   1                   1                   1                   1                   
1485548115               1                   1                   1                   1                   1                   1                   1                   1                   1                   1                   1                   1                   1                   1                   1                   1                   1                   1                   
1485548122               1                   1                   1                   1                   1                   1                   1                   1                   1                   1                   1                   1                   1                   1                   1                   1                   1                   1                   
1485548129               1                   1                   1                   1                   1                   1                   1                   1                   1                   1                   1                   1                   1                   1                   1                   1                   1                   1                   
1485548136               1                   1                   1                   1                   1                   1                   1                   1                   1                   1                   1                   1                   1                   1                   1                   1                   1                   1                   
1485548143               1                   1                   1                   1                   1                   1                   1                   1                   1                   1                   1                   1                   1                   1                   1                   1                   1                   1                   
1485548150               1                   1                   1                   1                   1                   1                   1                   1                   1                   1                   1                   1                   1                   1                   1                   1                   1                   1                   
1485548156               1                   1                   1                   1                   1                   1                   1                   1                   1                   1                   1                   1                   1                   1                   1                   1                   1                   1                   
1485548163               1                   1                   1                   1                   1                   1                   1                   1                   1                   1                   1                   1                   1                   1                   1                   1                   1                   1                   
1485548170               1                   1                   1                   1                   1                   1                   1                   1                   1                   1                   1                   1                   1                   1                   2                   1                   2                   1                   
1485548176               1                   1                   1                   1                   1                   1                   1                   1                   1                   1                   1                   1                   1                   2                   2                   2                   3                   1                   
1485548183               1                   1                   1                   1                   1                   1                   1                   1                   1                   1                   1                   1                   2                   2                   3                   2                   3                   1                   
1485548190               1                   1                   1                   1                   1                   1                   1                   1                   1                   1                   2                   2                   2                   2                   3                   3                   3                   1                   
1485548196               1                   1                   1                   1                   1                   1                   1                   1                   1                   2                   2                   2                   2                   3                   3                   3                   3                   1                   
1485548203               1                   1                   1                   1                   1                   1                   1                   1                   1                   2                   2                   2                   2                   3                   4                   3                   4                   1                   
1485548210               1                   1                   1                   1                   1                   1                   1                   1                   1                   2                   2                   2                   2                   4                   4                   4                   4                   1                   
1485548216               1                   1                   1                   1                   1                   1                   1                   1                   1                   2                   2                   2                   2                   4                   4                   4                   4                   1                   
1485548223               1                   1                   1                   1                   1                   1                   1                   1                   1                   2                   2                   2                   2                   4                   4                   4                   4                   1                   
1485548229               1                   1                   1                   1                   1                   1                   1                   1                   1                   2                   2                   2                   2                   4                   4                   4                   4                   1                   
1485548236               1                   1                   1                   1                   1                   1                   1                   1                   1                   2                   2                   2                   2                   4                   4                   4                   4                   1                   
1485548243               1                   1                   1                   1                   1                   1                   1                   1                   1                   2                   2                   2                   2                   4                   4                   4                   4                   1                   
1485548249               1                   1                   1                   1                   1                   1                   1                   1                   1                   2                   2                   2                   2                   4                   4                   4                   4                   1                   
1485548256               1                   1                   1                   1                   1                   1                   1                   1                   1                   2                   2                   2                   2                   4                   4                   4                   4                   1                   
1485548263               1                   1                   1                   1                   1                   1                   1                   1                   1                   2                   2                   2                   2                   4                   4                   4                   4                   1                   
1485548269               1                   1                   1                   1                   1                   1                   1                   2                   1                   2                   2                   2                   2                   4                   4                   4                   4                   1                   
1485548276               1                   1                   1                   1                   1                   1                   1                   2                   1                   2                   2                   2                   3                   4                   4                   4                   5                   2                   
1485548283               1                   1                   1                   1                   1                   1                   1                   2                   1                   2                   2                   2                   3                   4                   4                   4                   5                   2                   
1485548300               1                   1                   1                   1                   1                   1                   1                   2                   1                   2                   2                   2                   3                   4                   4                   4                   6                   2                   
1485548318               1                   1                   1                   1                   1                   1                   1                   2                   1                   2                   2                   2                   3                   4                   4                   4                   7                   2                   
1485548330               1                   1                   1                   1                   1                   2                   1                   2                   1                   2                   3                   2                   3                   4                   5                   4                   7                   2                   
1485548337               1                   1                   1                   1                   1                   2                   2                   2                   1                   2                   3                   3                   3                   4                   5                   5                   7                   2                   
1485548344               1                   1                   1                   1                   1                   2                   2                   2                   1                   2                   3                   3                   3                   4                   5                   5                   8                   2                   
1485548351               1                   1                   1                   1                   2                   2                   2                   2                   1                   2                   3                   3                   3                   4                   6                   6                   8                   2                   
1485548358               1                   1                   1                   1                   2                   2                   2                   2                   1                   3                   3                   3                   3                   5                   6                   6                   8                   2                   
1485548364               1                   1                   1                   1                   2                   2                   2                   2                   1                   3                   3                   3                   3                   5                   7                   6                   8                   2                   
1485548371               1                   1                   1                   1                   2                   2                   2                   2                   1                   3                   3                   3                   3                   5                   7                   7                   8                   2                   
1485548378               1                   1                   1                   1                   2                   2                   2                   2                   1                   3                   3                   3                   3                   6                   7                   7                   8                   2                   
1485548385               1                   1                   1                   1                   2                   2                   2                   2                   1                   3                   3                   3                   3                   6                   8                   8                   8                   2                   
1485548391               1                   1                   1                   2                   2                   2                   2                   2                   1                   3                   3                   3                   3                   7                   8                   8                   8                   2                   
1485548398               1                   1                   1                   2                   2                   2                   2                   2                   1                   3                   3                   3                   4                   7                   8                   8                   8                   2                   
1485548404               1                   1                   1                   2                   2                   2                   2                   2                   1                   3                   3                   3                   4                   7                   8                   8                   8                   2                   
1485548411               1                   1                   1                   2                   2                   2                   2                   2                   1                   3                   3                   3                   4                   8                   8                   8                   8                   2                   
1485548418               1                   1                   1                   2                   2                   2                   2                   3                   1                   3                   3                   3                   4                   8                   8                   8                   8                   2                   
1485548424               1                   1                   1                   2                   2                   2                   2                   3                   1                   3                   3                   3                   4                   8                   8                   8                   8                   2                   
1485548431               1                   2                   1                   2                   2                   2                   2                   3                   1                   3                   3                   3                   5                   8                   8                   8                   9                   2                   
1485548438               1                   2                   1                   2                   2                   2                   2                   3                   1                   3                   4                   3                   5                   8                   8                   8                   9                   2                   
1485548445               1                   2                   1                   2                   2                   2                   2                   3                   1                   3                   4                   3                   5                   8                   8                   8                   9                   2                   
1485548452               1                   2                   1                   2                   2                   2                   2                   3                   1                   3                   4                   3                   5                   8                   8                   8                   10                  2                   
1485548459               1                   2                   1                   2                   2                   2                   2                   3                   1                   3                   4                   3                   5                   8                   8                   8                   10                  2                   
1485548466               1                   2                   1                   2                   2                   3                   2                   3                   1                   3                   4                   3                   6                   8                   8                   8                   11                  2                   
1485548473               1                   2                   2                   2                   2                   3                   2                   3                   1                   3                   5                   3                   6                   8                   9                   8                   11                  3                   
1485548481               1                   2                   2                   2                   2                   3                   2                   3                   1                   3                   5                   4                   6                   8                   9                   8                   11                  3                   
1485548488               1                   2                   2                   2                   2                   3                   2                   3                   1                   3                   5                   4                   6                   8                   10                  8                   12                  3                   
1485548495               1                   2                   2                   2                   2                   3                   2                   3                   1                   3                   5                   4                   6                   8                   10                  8                   12                  3                   
1485548502               1                   2                   2                   2                   2                   3                   2                   3                   1                   3                   6                   4                   6                   8                   11                  8                   12                  3                   
1485548509               1                   2                   2                   2                   2                   3                   2                   3                   1                   3                   6                   4                   6                   8                   11                  8                   12                  3                   
1485548516               1                   2                   2                   2                   2                   3                   2                   3                   1                   3                   6                   4                   6                   8                   12                  8                   12                  3                   
1485548522               1                   2                   2                   2                   2                   3                   2                   3                   1                   3                   6                   4                   6                   8                   12                  8                   12                  3                   
1485548529               1                   2                   2                   2                   2                   3                   2                   3                   1                   3                   6                   4                   6                   8                   12                  8                   12                  3                   
1485548536               1                   2                   2                   2                   3                   3                   2                   3                   1                   3                   6                   4                   6                   8                   12                  8                   12                  3                   
1485548542               1                   2                   2                   2                   3                   3                   2                   3                   1                   3                   6                   4                   6                   9                   12                  8                   12                  3                   
1485548549               1                   2                   2                   2                   3                   3                   2                   3                   1                   3                   6                   4                   6                   9                   12                  8                   12                  3                   
1485548556               1                   2                   2                   2                   3                   3                   2                   3                   1                   3                   6                   4                   6                   10                  12                  8                   12                  3                   
1485548563               1                   2                   2                   2                   3                   3                   3                   3                   1                   3                   6                   5                   6                   10                  12                  9                   12                  3                   
1485548570               2                   2                   2                   2                   3                   3                   3                   3                   1                   3                   6                   5                   6                   11                  12                  9                   12                  3                   
1485548576               2                   2                   2                   2                   3                   3                   3                   3                   1                   3                   6                   5                   6                   11                  12                  10                  12                  3                   
1485548583               2                   2                   2                   2                   3                   3                   3                   3                   1                   4                   6                   5                   6                   12                  12                  10                  12                  3                   
1485548590               2                   2                   2                   2                   3                   3                   3                   3                   1                   4                   6                   5                   6                   12                  12                  11                  12                  3                   
1485548596               2                   2                   2                   2                   3                   3                   3                   3                   1                   5                   6                   6                   6                   12                  12                  11                  12                  3                   
1485548603               2                   2                   2                   2                   3                   3                   3                   3                   1                   5                   6                   6                   6                   12                  12                  12                  12                  3                   
1485548611               2                   2                   2                   2                   3                   3                   3                   3                   1                   6                   6                   6                   6                   12                  12                  12                  12                  3                   
1485548618               2                   2                   2                   2                   3                   3                   3                   3                   1                   6                   6                   6                   6                   12                  12                  12                  12                  3                   
1485548625               2                   2                   2                   2                   3                   3                   3                   3                   1                   6                   6                   6                   6                   12                  12                  12                  12                  3                   
1485548631               2                   2                   2                   2                   3                   3                   3                   3                   1                   6                   6                   6                   6                   12                  12                  12                  12                  3                   
1485548638               2                   2                   2                   2                   3                   3                   3                   3                   1                   6                   6                   6                   6                   12                  12                  12                  12                  3                   
1485548645               2                   2                   2                   2                   3                   3                   3                   3                   1                   6                   6                   6                   6                   12                  12                  12                  12                  3                   
1485548651               2                   2                   2                   2                   3                   3                   3                   3                   1                   6                   6                   6                   6                   12                  12                  12                  12                  3                   
1485548658               2                   2                   2                   2                   3                   3                   3                   3                   1                   6                   6                   6                   6                   12                  12                  12                  12                  3                   
1485548665               2                   2                   2                   2                   3                   3                   3                   3                   1                   6                   6                   6                   6                   12                  12                  12                  12                  3                   
1485548671               2                   2                   2                   2                   3                   3                   3                   3                   1                   6                   6                   6                   6                   12                  12                  12                  12                  3                   
1485548678               2                   2                   2                   2                   3                   3                   3                   3                   1                   6                   6                   6                   6                   12                  12                  12                  12                  3                   
1485548684               2                   2                   2                   2                   3                   3                   3                   3                   1                   6                   6                   6                   6                   12                  12                  12                  12                  3                   
1485548691               2                   2                   2                   2                   3                   3                   3                   3                   1                   6                   6                   6                   6                   12                  12                  12                  12                  3                   
1485548698               2                   2                   2                   2                   3                   3                   3                   3                   1                   6                   6                   6                   6                   12                  12                  12                  12                  3                   
1485548704               2                   2                   2                   2                   3                   3                   3                   3                   1                   6                   6                   6                   6                   12                  12                  12                  12                  3                   
1485548711               2                   2                   2                   2                   3                   3                   3                   3                   1                   6                   6                   6                   6                   12                  12                  12                  12                  3                   
1485548718               2                   2                   2                   2                   3                   3                   3                   3                   1                   6                   6                   6                   6                   12                  12                  12                  12                  3                   
1485548769               2                   2                   2                   2                   3                   3                   3                   3                   1                   6                   6                   6                   6                   12                  12                  12                  12                  3                   
1485548783               2                   2                   2                   2                   3                   3                   3                   3                   1                   6                   6                   6                   6                   12                  12                  12                  12                  3                   
1485548790               2                   2                   2                   2                   3                   3                   3                   3                   1                   6                   6                   6                   6                   12                  12                  12                  12                  3                   
1485548797               2                   2                   2                   2                   3                   3                   3                   3                   1                   6                   6                   6                   6                   12                  12                  12                  12                  3                   
1485548803               2                   2                   2                   2                   3                   3                   3                   3                   1                   6                   6                   6                   6                   12                  12                  12                  12                  3                   
1485548810               2                   2                   2                   2                   3                   3                   3                   3                   1                   6                   6                   6                   6                   12                  12                  12                  12                  3                   
1485548817               2                   2                   2                   2                   3                   3                   3                   3                   1                   6                   6                   6                   6                   12                  12                  12                  12                  3                   
1485548823               2                   2                   2                   2                   3                   3                   3                   3                   1                   6                   6                   6                   6                   12                  12                  12                  11                  3                   
1485548832               2                   2                   2                   2                   3                   3                   3                   3                   1                   6                   6                   6                   6                   12                  11                  11                  11                  3                   
1485548838               2                   2                   2                   2                   3                   3                   3                   3                   1                   6                   6                   6                   5                   11                  11                  11                  10                  3                   
1485548845               2                   2                   2                   2                   3                   3                   3                   3                   1                   6                   5                   6                   5                   11                  10                  11                  10                  3                   
1485548852               2                   2                   2                   2                   3                   3                   3                   3                   1                   6                   5                   5                   5                   11                  10                  10                  10                  3                   
1485548858               2                   2                   2                   2                   3                   3                   3                   3                   1                   5                   5                   5                   5                   10                  10                  10                  9                   3                   
1485548865               2                   2                   2                   2                   3                   3                   3                   3                   1                   5                   5                   5                   5                   10                  9                   9                   9                   3                   
1485548872               2                   2                   2                   2                   3                   3                   3                   3                   1                   5                   5                   5                   5                   9                   9                   9                   8                   3                   
1485548878               2                   2                   2                   2                   3                   3                   3                   2                   1                   5                   5                   5                   4                   9                   8                   9                   8                   3                   
1485548885               2                   2                   2                   2                   3                   2                   3                   2                   1                   5                   5                   5                   4                   9                   8                   9                   8                   3                   
1485548891               2                   2                   2                   2                   3                   2                   3                   2                   1                   5                   4                   5                   4                   9                   8                   8                   8                   3                   
1485548898               2                   2                   2                   2                   3                   2                   2                   2                   1                   5                   4                   4                   4                   8                   8                   8                   8                   3                   
1485548905               2                   2                   2                   2                   2                   2                   2                   2                   1                   4                   4                   4                   4                   8                   8                   8                   8                   3                   
1485548911               2                   2                   2                   2                   2                   2                   2                   2                   1                   4                   4                   4                   4                   8                   7                   8                   7                   3                   
1485548918               2                   2                   2                   2                   2                   2                   2                   2                   1                   4                   4                   4                   4                   7                   7                   7                   6                   3                   
1485548925               2                   2                   2                   1                   2                   2                   2                   2                   1                   4                   4                   4                   3                   7                   7                   7                   6                   2                   
1485548931               2                   2                   2                   1                   2                   2                   2                   2                   1                   4                   3                   4                   3                   7                   6                   7                   6                   2                   
1485548938               2                   1                   2                   1                   2                   2                   2                   2                   1                   4                   3                   3                   3                   7                   6                   6                   6                   2                   
1485548945               2                   1                   1                   1                   2                   2                   2                   2                   1                   4                   3                   3                   3                   6                   6                   6                   6                   2                   
1485548951               1                   1                   1                   1                   2                   2                   2                   2                   1                   3                   3                   3                   3                   6                   6                   6                   6                   2                   
1485548958               1                   1                   1                   1                   2                   2                   2                   2                   1                   3                   3                   3                   3                   6                   5                   6                   5                   2                   
1485548965               1                   1                   1                   1                   2                   2                   2                   2                   1                   3                   3                   3                   3                   5                   5                   5                   4                   2                   
1485548971               1                   1                   1                   1                   2                   2                   2                   1                   1                   3                   3                   3                   2                   5                   5                   5                   4                   2                   
1485548978               1                   1                   1                   1                   2                   1                   2                   1                   1                   3                   3                   3                   2                   5                   4                   5                   4                   2                   
1485548985               1                   1                   1                   1                   2                   1                   2                   1                   1                   3                   2                   3                   2                   5                   4                   4                   4                   2                   
1485548991               1                   1                   1                   1                   2                   1                   1                   1                   1                   3                   2                   2                   2                   4                   4                   4                   4                   2                   
1485548998               1                   1                   1                   1                   1                   1                   1                   1                   1                   3                   2                   2                   2                   4                   4                   4                   4                   2                   
1485549005               1                   1                   1                   1                   1                   1                   1                   1                   1                   2                   2                   2                   2                   4                   4                   4                   3                   2                   
1485549011               1                   1                   1                   1                   1                   1                   1                   1                   1                   2                   2                   2                   2                   3                   3                   3                   3                   2                   
1485549018               1                   1                   1                   1                   1                   1                   1                   1                   1                   2                   2                   2                   1                   3                   3                   3                   2                   1                   
1485549025               1                   1                   1                   1                   1                   1                   1                   1                   1                   2                   1                   2                   1                   3                   2                   2                   2                   1                   
1485549031               1                   1                   1                   1                   1                   1                   1                   1                   1                   2                   1                   1                   1                   2                   2                   2                   2                   1                   
1485549038               1                   1                   1                   1                   1                   1                   1                   1                   1                   1                   1                   1                   1                   2                   2                   2                   1                   1                   
1485549044               1                   1                   1                   1                   1                   1                   1                   1                   1                   1                   1                   1                   1                   1                   1                   1                   1                   1                   
1485549051               1                   1                   1                   1                   1                   1                   1                   1                   1                   1                   1                   1                   1                   1                   1                   1                   1                   1                   
1485549058               1                   1                   1                   1                   1                   1                   1                   1                   1                   1                   1                   1                   1                   1                   1                   1                   1                   1                   
1485549064               1                   1                   1                   1                   1                   1                   1                   1                   1                   1                   1                   1                   1                   1                   1                   1                   1                   1                   
1485549071               1                   1                   1                   1                   1                   1                   1                   1                   1                   1                   1                   1                   1                   1                   1                   1                   1                   1                   
1485549077               1                   1                   1                   1                   1                   1                   1                   1                   1                   1                   1                   1                   1                   1                   1                   1                   1                   1                   
1485549084               1                   1                   1                   1                   1                   1                   1                   1                   1                   1                   1                   1                   1                   1                   1                   1                   1                   1                   
1485549091               1                   1                   1                   1                   1                   1                   1                   1                   1                   1                   1                   1                   1                   1                   1                   1                   1                   1                   
1485549097               1                   1                   1                   1                   1                   1                   1                   1                   1                   1                   1                   1                   1                   1                   1                   1                   1                   1                   
1485549104               1                   1                   1                   1                   1                   1                   1                   1                   1                   1                   1                   1                   1                   1                   1                   1                   1                   1                   
1485549111               1                   1                   1                   1                   1                   1                   1                   1                   1                   1                   1                   1                   1                   1                   1                   1                   1                   1                   
1485549117               1                   1                   1                   1                   1                   1                   1                   1                   1                   1                   1                   1                   1                   1                   1                   1                   1                   1                   
1485549124               1                   1                   1                   1                   1                   1                   1                   1                   1                   1                   1                   1                   1                   1                   1                   1                   1                   1                   
1485549130               1                   1                   1                   1                   1                   1                   1                   1                   1                   1                   1                   1                   1                   1                   1                   1                   1                   1                   
1485549137               1                   1                   1                   1                   1                   1                   1                   1                   1                   1                   1                   1                   1                   1                   1                   1                   1                   1                   
1485549144               1                   1                   1                   1                   1                   1                   1                   1                   1                   1                   1                   1                   1                   1                   1                   1                   1                   1                   
1485549153               1                   1                   1                   1                   1                   1                   1                   1                   1                   1                   1                   1                   1                   1                   1                   1                   1                   1                   
1485549159               1                   1                   1                   1                   1                   1                   1                   1                   1                   1                   1                   1                   1                   1                   1                   1                   1                   1                   
1485549166               1                   1                   1                   1                   1                   1                   1                   1                   1                   1                   1                   1                   1                   1                   1                   1                   1                   1                   
1485549173               1                   1                   1                   1                   1                   1                   1                   1                   1                   1                   1                   1                   1                   1                   1                   1                   1                   1                   
1485549180               1                   1                   1                   1                   1                   1                   1                   1                   1                   1                   1                   1                   1                   1                   1                   1                   1                   1                   
1485549187               1                   1                   1                   1                   1                   1                   1                   1                   1                   1                   1                   1                   1                   1                   1                   1                   1                   1                   
1485549194               1                   1                   1                   1                   1                   1                   1                   1                   1                   1                   1                   1                   1                   1                   1                   1                   1                   1                   
1485549200               1                   1                   1                   1                   1                   1                   1                   1                   1                   1                   1                   1                   1                   1                   1                   1                   1                   1                   
1485549207               1                   1                   1                   1                   1                   1                   1                   1                   1                   1                   1                   1                   1                   1                   1                   1                   1                   1                   
1485549214               1                   1                   1                   1                   1                   1                   1                   1                   1                   1                   1                   1                   1                   1                   1                   1                   1                   1                   
1485549220               1                   1                   1                   1                   1                   1                   1                   1                   1                   1                   1                   1                   1                   1                   1                   1                   1                   1                   
1485549227               1                   1                   1                   1                   1                   1                   1                   1                   1                   1                   1                   1                   1                   1                   1                   1                   1                   1                   
1485549233               1                   1                   1                   1                   1                   1                   1                   1                   1                   1                   1                   1                   1                   1                   1                   1                   1                   1                   
1485549240               1                   1                   1                   1                   1                   1                   1                   1                   1                   1                   1                   1                   1                   1                   1                   1                   1                   1                   
1485549247               1                   1                   1                   1                   1                   1                   1                   1                   1                   1                   1                   1                   1                   1                   1                   1                   1                   1                   
1485549253               1                   1                   1                   1                   1                   1                   1                   1                   1                   1                   1                   1                   1                   1                   1                   1                   1                   1                   
1485549260               1                   1                   1                   1                   1                   1                   1                   1                   1                   1                   1                   1                   1                   1                   1                   1                   1                   1                   
1485549266               1                   1                   1                   1                   1                   1                   1                   1                   1                   1                   1                   1                   1                   1                   1                   1                   1                   1                   
1485549273               1                   1                   1                   1                   1                   1                   1                   1                   1                   1                   1                   1                   1                   1                   1                   1                   1                   1                   
